127.08201709999999 37.240350299999996
127.0820164 37.2403508
127.0820157 37.2403514
127.0820152 37.2403519
127.08201469999999 37.2403524
127.08201419999999 37.2403529
127.0820136 37.2403534
127.08201319999999 37.2403541
127.08201269999999 37.2403547
127.08201229999999 37.240355199999996
127.08201179999999 37.2403556
127.0820114 37.240356
127.0820109 37.240356399999996
127.08201039999999 37.2403568
127.08200989999999 37.2403572
127.0820093 37.240357599999996
127.08200869999999 37.2403579
127.08200819999999 37.2403583
127.08200769999999 37.2403587
127.08200719999999 37.2403591
127.08200679999999 37.2403596
127.08200649999999 37.2403601
127.08200599999999 37.240360599999995
127.08200559999999 37.2403611
127.0820057 37.240361299999996
127.08200889999999 37.2403609
127.0820141 37.240358
127.08201969999999 37.2403561
127.0820272 37.240356999999996
127.08203479999999 37.2403598
127.0820418 37.2403641
127.0820471 37.2403695
127.0820512 37.2403766
127.082055 37.2403841
127.08205849999999 37.2403914
127.08206059999999 37.2403992
127.08206089999999 37.240407399999995
127.0820607 37.2404158
127.08206039999999 37.2404242
127.0820603 37.2404329
127.0820605 37.2404418
127.0820605 37.2404505
127.08206059999999 37.2404594
127.0820608 37.240468299999996
127.08206089999999 37.2404772
127.08206059999999 37.240486
127.0820608 37.2404945
127.08206129999999 37.2405036
127.0820617 37.240512599999995
127.0820617 37.2405216
127.08206159999999 37.2405304
127.0820619 37.2405393
127.08206229999999 37.240548
127.08206229999999 37.240556999999995
127.0820622 37.2405658
127.082062 37.240574699999996
127.0820622 37.2405835
127.082062 37.2405925
127.08206209999999 37.2406016
127.0820624 37.2406107
127.0820624 37.240619699999996
127.0820624 37.240628799999996
127.0820624 37.2406376
127.0820626 37.2406462
127.08206229999999 37.240654899999996
127.0820612 37.240663399999995
127.08206059999999 37.2406721
127.0820605 37.2406808
127.0820607 37.240689599999996
127.08206089999999 37.240698099999996
127.0820612 37.240706599999996
127.08206109999999 37.240715099999996
127.0820614 37.240724199999995
127.08206179999999 37.240732799999996
127.08206209999999 37.240741899999996
127.08206229999999 37.2407505
127.0820626 37.240759
127.08206279999999 37.2407678
127.0820629 37.2407767
127.08206299999999 37.2407853
127.08206299999999 37.240794
127.0820629 37.240802699999996
127.0820634 37.2408115
127.08206349999999 37.2408204
127.0820639 37.2408293
127.0820639 37.2408383
127.08206399999999 37.2408473
127.0820644 37.240856099999995
127.08206469999999 37.240864599999995
127.0820648 37.2408736
127.0820655 37.2408825
127.0820655 37.2408915
127.0820651 37.240900599999996
127.082065 37.240909699999996
127.08206489999999 37.2409192
127.0820648 37.240929
127.0820644 37.2409386
127.0820641 37.2409483
127.0820643 37.240957699999996
127.0820644 37.2409673
127.0820648 37.240976599999996
127.0820653 37.2409858
127.0820655 37.2409949
127.0820662 37.2410043
127.0820662 37.241013599999995
127.08206659999999 37.241022799999996
127.08206709999999 37.2410322
127.0820674 37.2410413
127.0820682 37.2410503
127.0820686 37.2410596
127.0820689 37.241068899999995
127.08206919999999 37.2410783
127.0820696 37.2410877
127.0820699 37.241096899999995
127.0820705 37.2411064
127.0820706 37.2411162
127.0820706 37.2411257
127.08207069999999 37.241135199999995
127.082071 37.2411448
127.08207089999999 37.2411543
127.082071 37.2411639
127.08207119999999 37.2411731
127.08207119999999 37.2411822
127.08207089999999 37.2411917
127.0820711 37.2412016
127.0820717 37.241211899999996
127.08207209999999 37.2412214
127.0820727 37.2412311
127.08207349999999 37.2412407
127.0820742 37.2412503
127.0820746 37.2412598
127.0820748 37.241269599999995
127.0820748 37.241279299999995
127.0820744 37.2412886
127.0820741 37.2412979
127.08207309999999 37.2413075
127.0820722 37.241316399999995
127.0820699 37.2413253
127.08206349999999 37.241332199999995
127.08205339999999 37.241336
127.08204149999999 37.2413374
127.08202949999999 37.2413375
127.08201779999999 37.2413368
127.08200649999999 37.241334699999996
127.0819963 37.241330399999995
127.0819861 37.2413253
127.081977 37.2413196
127.0819667 37.2413112
127.0819588 37.241304299999996
127.0819506 37.241297599999996
127.08194189999999 37.2412912
127.08193329999999 37.2412846
127.08192539999999 37.241278
127.0819171 37.2412712
127.0819083 37.241265
127.0818997 37.2412583
127.08189109999999 37.241251999999996
127.0818826 37.2412454
127.0818741 37.2412393
127.0818652 37.241233799999996
127.08185599999999 37.24123
127.08184539999999 37.2412281
127.08183439999999 37.2412279
127.08182359999999 37.241227599999995
127.0818127 37.241227099999996
127.0818018 37.2412268
127.0817912 37.2412266
127.0817805 37.241227099999996
127.0817695 37.241227699999996
127.0817582 37.2412281
127.08174729999999 37.2412281
127.0817362 37.241228
127.0817254 37.241228199999995
127.0817142 37.2412286
127.08170299999999 37.2412291
127.08169149999999 37.2412293
127.0816802 37.241229499999996
127.0816686 37.2412299
127.08165729999999 37.2412305
127.08164629999999 37.241230699999996
127.0816352 37.241230699999996
127.0816239 37.241230699999996
127.0816129 37.241231
127.08160219999999 37.2412312
127.0815911 37.2412316
127.0815799 37.241232
127.0815684 37.2412322
127.0815573 37.2412323
127.08154619999999 37.2412322
127.08153519999999 37.2412324
127.08152399999999 37.2412329
127.08151269999999 37.241233099999995
127.08150149999999 37.241233
127.08149019999999 37.241233
127.0814788 37.2412333
127.08146749999999 37.241233099999995
127.0814558 37.2412334
127.0814444 37.2412339
127.0814334 37.241234299999995
127.081423 37.2412352
127.0814125 37.2412367
127.0814015 37.241237999999996
127.08139089999999 37.2412393
127.0813804 37.241240499999996
127.08136909999999 37.2412413
127.0813582 37.2412414
127.08134659999999 37.241241599999995
127.08133559999999 37.2412418
127.08132429999999 37.2412418
127.0813134 37.241242
127.081302 37.2412419
127.08129079999999 37.2412419
127.0812797 37.241241699999996
127.08126859999999 37.241241699999996
127.0812579 37.2412412
127.0812474 37.241241099999996
127.08123699999999 37.2412413
127.08122619999999 37.2412415
127.0812151 37.241241099999996
127.0812033 37.2412394
127.0811919 37.241239199999995
127.08118019999999 37.241239199999995
127.0811694 37.241239
127.08115839999999 37.2412393
127.08114719999999 37.2412402
127.0811365 37.2412394
127.0811258 37.241239799999995
127.08111489999999 37.2412397
127.0811044 37.24124
127.0810937 37.2412397
127.0810831 37.2412396
127.08107269999999 37.2412391
127.0810621 37.2412396
127.0810511 37.2412407
127.08104039999999 37.241242299999996
127.0810291 37.241243399999995
127.0810181 37.241244099999996
127.08100689999999 37.2412443
127.08099589999999 37.2412444
127.0809848 37.2412442
127.0809733 37.241244
127.0809615 37.241243499999996
127.0809501 37.2412432
127.0809384 37.2412431
127.0809273 37.2412431
127.0809158 37.2412426
127.0809051 37.2412421
127.0808938 37.241242199999995
127.080883 37.2412421
127.08087219999999 37.2412418
127.0808613 37.241241599999995
127.0808502 37.2412418
127.08083909999999 37.241242
127.0808282 37.241241699999996
127.08081729999999 37.241241599999995
127.0808062 37.241241699999996
127.0807955 37.2412414
127.08078379999999 37.241241699999996
127.08077229999999 37.2412421
127.0807612 37.2412427
127.0807499 37.2412436
127.08073879999999 37.241244
127.0807272 37.2412442
127.0807153 37.2412443
127.0807028 37.241244699999996
127.08069119999999 37.2412442
127.08067899999999 37.2412446
127.08066679999999 37.2412449
127.08065459999999 37.241244699999996
127.0806429 37.241244699999996
127.0806312 37.2412446
127.0806197 37.2412446
127.0806078 37.241244699999996
127.0805963 37.2412449
127.08058439999999 37.241244699999996
127.08057289999999 37.2412443
127.08056119999999 37.2412439
127.08055039999999 37.2412437
127.0805388 37.2412438
127.0805276 37.241244
127.0805166 37.2412444
127.08050569999999 37.2412452
127.0804945 37.2412461
127.0804838 37.241247099999995
127.0804733 37.241247
127.0804658 37.2412436
127.08046329999999 37.2412378
127.08046189999999 37.2412302
127.0804605 37.2412226
127.0804581 37.241216699999995
127.08045349999999 37.2412138
127.08044729999999 37.2412122
127.080438 37.241211799999995
127.0804271 37.241211799999995
127.0804155 37.241211899999996
127.08040419999999 37.241211799999995
127.0803924 37.241211799999995
127.08038069999999 37.241211899999996
127.08036919999999 37.2412121
127.08035749999999 37.2412127
127.0803456 37.2412133
127.080334 37.2412135
127.0803225 37.2412134
127.08031059999999 37.2412133
127.08029889999999 37.2412136
127.08028809999999 37.241213699999996
127.0802779 37.241211799999995
127.0802712 37.241206399999996
127.0802693 37.241197899999996
127.0802695 37.241188799999996
127.0802695 37.2411794
127.0802684 37.2411701
127.0802677 37.2411609
127.0802665 37.241151599999995
127.0802652 37.241142599999996
127.0802638 37.241133399999995
127.08026339999999 37.2411242
127.0802631 37.2411151
127.08026319999999 37.241106099999996
127.0802636 37.2410973
127.0802643 37.2410882
127.0802643 37.2410795
127.0802662 37.2410712
127.0802708 37.2410648
127.08027639999999 37.241060399999995
127.0802781 37.241058599999995
127.0802767 37.2410578
127.08027209999999 37.2410564
127.08026869999999 37.241051299999995
127.08026609999999 37.2410442
127.0802647 37.2410357
127.0802647 37.2410265
127.080264 37.2410175
127.08026249999999 37.2410087
127.0802612 37.241
127.0802602 37.240990599999996
127.08025939999999 37.2409813
127.08025869999999 37.2409719
127.080258 37.2409629
127.08025769999999 37.2409536
127.0802583 37.2409444
127.08026149999999 37.240935799999995
127.08026779999999 37.240929
127.0802767 37.2409245
127.0802877 37.2409222
127.0802994 37.2409217
127.080311 37.2409217
127.0803225 37.2409213
127.08033409999999 37.240921
127.0803457 37.2409207
127.0803572 37.2409204
127.0803689 37.2409202
127.0803806 37.2409202
127.0803923 37.2409207
127.0804036 37.2409211
127.0804149 37.2409211
127.0804261 37.2409208
127.08043789999999 37.2409202
127.0804496 37.2409197
127.08046089999999 37.240919399999996
127.08047239999999 37.2409193
127.0804836 37.2409193
127.0804948 37.2409195
127.08050539999999 37.2409192
127.08051599999999 37.2409174
127.08052439999999 37.2409128
127.0805286 37.2409053
127.08053079999999 37.2408964
127.0805317 37.240887199999996
127.0805326 37.240877999999995
127.08053269999999 37.2408687
127.0805329 37.2408596
127.0805336 37.2408505
127.08053389999999 37.2408414
127.08053419999999 37.2408321
127.08053419999999 37.2408228
127.080534 37.2408135
127.0805331 37.2408043
127.08053269999999 37.240795
127.0805328 37.2407851
127.0805324 37.240775299999996
127.08053229999999 37.2407652
127.0805324 37.2407547
127.08053249999999 37.2407448
127.08053179999999 37.2407347
127.080531 37.2407245
127.0805304 37.2407142
127.0805302 37.2407045
127.08052989999999 37.2406945
127.0805295 37.2406845
127.080529 37.240674299999995
127.0805286 37.240663999999995
127.08052749999999 37.2406538
127.0805273 37.240643899999995
127.0805273 37.240634
127.0805271 37.2406242
127.0805269 37.240614099999995
127.08052629999999 37.2406041
127.08052559999999 37.2405938
127.08052559999999 37.240584
127.080525 37.2405742
127.08052529999999 37.2405646
127.0805255 37.2405551
127.08052559999999 37.2405457
127.0805254 37.240535799999996
127.0805252 37.2405261
127.08052509999999 37.2405165
127.0805261 37.240507099999995
127.080531 37.2404983
127.08053989999999 37.2404915
127.0805505 37.2404873
127.08056219999999 37.240484699999996
127.0805743 37.240483499999996
127.08058639999999 37.2404836
127.0805985 37.2404836
127.08061049999999 37.2404832
127.0806226 37.2404833
127.0806351 37.240483999999995
127.0806478 37.2404842
127.08066079999999 37.2404842
127.08067399999999 37.2404839
127.0806865 37.2404832
127.0806995 37.2404833
127.08071229999999 37.240483
127.08072489999999 37.2404827
127.0807377 37.240482899999996
127.08075 37.240482799999995
127.0807622 37.2404826
127.08077449999999 37.2404824
127.08078719999999 37.2404821
127.0807997 37.2404818
127.0808124 37.240482199999995
127.0808249 37.2404825
127.08083769999999 37.240482799999995
127.08085059999999 37.2404826
127.08086349999999 37.2404832
127.0808764 37.240483499999996
127.08088939999999 37.2404832
127.08090209999999 37.240482899999996
127.08091479999999 37.2404831
127.0809278 37.240482899999996
127.08094109999999 37.2404826
127.08095399999999 37.2404817
127.0809663 37.2404814
127.080979 37.2404819
127.080992 37.2404823
127.0810046 37.240481599999995
127.0810171 37.240480999999996
127.0810296 37.240480999999996
127.08104209999999 37.240480999999996
127.0810545 37.240480399999996
127.08106719999999 37.2404802
127.0810801 37.2404799
127.081093 37.2404799
127.0811061 37.2404801
127.0811186 37.2404796
127.0811311 37.2404794
127.081144 37.2404799
127.0811571 37.240479799999996
127.08117 37.2404794
127.081183 37.2404793
127.08119599999999 37.2404793
127.0812089 37.24048
127.08122189999999 37.2404802
127.08123549999999 37.2404809
127.0812485 37.2404811
127.08126139999999 37.240480999999996
127.0812742 37.2404811
127.0812871 37.2404817
127.0813 37.240482199999995
127.0813129 37.240483
127.0813257 37.2404837
127.08133869999999 37.240484099999996
127.08135139999999 37.2404845
127.0813644 37.2404851
127.0813773 37.2404856
127.0813901 37.240486499999996
127.0814029 37.2404866
127.0814152 37.2404868
127.0814278 37.240486499999996
127.08144039999999 37.240486
127.0814534 37.240485299999996
127.0814662 37.240484699999996
127.0814789 37.2404838
127.08149159999999 37.2404837
127.0815042 37.2404832
127.0815164 37.2404827
127.08152869999999 37.240482
127.08154119999999 37.2404813
127.08155389999999 37.240480999999996
127.0815672 37.240480399999996
127.08158019999999 37.2404794
127.08159309999999 37.240479199999996
127.0816059 37.240479199999996
127.0816189 37.2404789
127.0816318 37.2404791
127.081644 37.2404796
127.0816559 37.240479799999996
127.08166829999999 37.240479799999996
127.0816802 37.2404793
127.0816933 37.2404784
127.08170609999999 37.2404778
127.08171879999999 37.2404772
127.0817313 37.2404764
127.08174369999999 37.2404753
127.0817563 37.2404747
127.08176929999999 37.2404741
127.0817816 37.2404738
127.08179349999999 37.240473699999995
127.0818056 37.2404726
127.08181739999999 37.2404709
127.08182889999999 37.2404671
127.08183939999999 37.240460999999996
127.08184929999999 37.2404539
127.081859 37.240446999999996
127.0818687 37.2404398
127.0818778 37.2404325
127.08188659999999 37.2404253
127.08189519999999 37.2404181
127.0819044 37.240410499999996
127.0819133 37.240402599999996
127.0819212 37.240394599999995
127.08192969999999 37.2403866
127.08193779999999 37.2403786
127.08194569999999 37.2403707
127.0819544 37.2403634
127.0819643 37.2403571
127.08197609999999 37.2403532
127.0819872 37.2403549
127.0819944 37.2403601
127.08199619999999 37.2403657
127.0819959 37.2403683
127.0819961 37.240369
127.0819963 37.2403689
127.08199649999999 37.2403688
127.0819966 37.2403688
127.0819966 37.2403688
127.0819968 37.2403688
127.0819968 37.2403687
127.0819969 37.2403687
127.081997 37.2403687
127.081997 37.2403687
127.0819969 37.2403687
127.0819969 37.2403686
127.08199669999999 37.240368499999995
127.08199669999999 37.2403684
127.08199669999999 37.2403684
127.08199669999999 37.2403683
127.08199669999999 37.2403683
127.0819966 37.2403683
127.0819966 37.2403683
127.0819966 37.2403684
127.08199649999999 37.2403684
127.0819964 37.2403683
127.0819963 37.2403683
127.08199619999999 37.2403682
127.08199599999999 37.2403681
127.0819959 37.240368
127.0819957 37.240368
127.0819956 37.240367899999995
127.0819956 37.2403678
127.0819956 37.2403678
127.0819956 37.2403677
127.0819956 37.2403677
127.0819957 37.2403677
127.0819956 37.2403676
