127.08199839999999 37.2403617
127.0819987 37.2403615
127.08199889999999 37.2403614
127.08199929999999 37.240361199999995
127.08199959999999 37.240361
127.0819997 37.2403609
127.0819999 37.2403609
127.0819999 37.2403607
127.08200009999999 37.2403605
127.08200009999999 37.2403604
127.08200009999999 37.2403603
127.0820002 37.2403601
127.0820002 37.240359999999995
127.0820002 37.2403599
127.08200029999999 37.2403598
127.0820004 37.2403596
127.0820004 37.2403595
127.0820004 37.2403593
127.0820004 37.2403592
127.0820004 37.240359
127.0820004 37.2403589
127.08200049999999 37.240358799999996
127.08200049999999 37.2403586
127.0820006 37.2403584
127.0820007 37.2403584
127.08200289999999 37.240358799999996
127.0820079 37.240356899999995
127.0820121 37.2403536
127.0820121 37.2403532
127.08200919999999 37.2403559
127.0820023 37.2403599
127.0819992 37.240361299999996
127.0819992 37.2403615
127.08199909999999 37.2403616
127.081999 37.2403617
127.081999 37.2403621
127.08199909999999 37.2403627
127.08199889999999 37.240363099999996
127.081999 37.2403633
127.0819982 37.240363699999996
127.081997 37.240363599999995
127.0819961 37.2403635
127.0819954 37.240363599999995
127.0819954 37.240363699999996
127.0819952 37.2403639
127.08199529999999 37.2403644
127.08199459999999 37.2403644
127.08199379999999 37.2403644
127.0819933 37.2403646
127.0819928 37.2403648
127.08199219999999 37.2403648
127.08199189999999 37.2403648
127.08199119999999 37.240364299999996
127.0819913 37.2403645
127.08199139999999 37.240364199999995
127.0819913 37.240364299999996
127.0819911 37.2403638
127.08199119999999 37.240363599999995
127.08198979999999 37.2403621
127.08198929999999 37.2403614
127.08198809999999 37.2403603
127.08198829999999 37.2403605
127.0819875 37.2403603
127.08198639999999 37.2403599
127.081986 37.2403603
127.08198569999999 37.2403609
127.0819856 37.2403615
127.0819858 37.240362
127.08198759999999 37.240361299999996
127.0819925 37.2403591
127.081998 37.240356899999995
127.08200269999999 37.240356899999995
127.082009 37.240357599999996
127.0820177 37.2403589
127.08202659999999 37.240362399999995
127.0820332 37.2403683
127.08203789999999 37.240374599999996
127.08204169999999 37.2403821
127.0820447 37.2403908
127.0820462 37.2403998
127.08204699999999 37.2404096
127.0820466 37.2404193
127.08204629999999 37.240429
127.0820462 37.2404387
127.0820456 37.2404485
127.08204599999999 37.2404581
127.08204649999999 37.240468
127.08204649999999 37.240477999999996
127.08204649999999 37.2404878
127.0820476 37.2404976
127.0820492 37.2405075
127.08205059999999 37.2405174
127.0820519 37.2405271
127.0820528 37.2405371
127.08205319999999 37.2405469
127.0820535 37.2405567
127.082054 37.2405666
127.0820545 37.240576499999996
127.082055 37.2405865
127.0820552 37.2405964
127.08205559999999 37.2406064
127.08205659999999 37.2406164
127.0820572 37.2406265
127.0820572 37.2406363
127.08205729999999 37.2406462
127.0820577 37.240656099999995
127.08205749999999 37.240665899999996
127.08205699999999 37.2406753
127.08205629999999 37.2406849
127.08205579999999 37.2406946
127.0820557 37.240704199999996
127.08205609999999 37.240714
127.0820567 37.2407235
127.0820572 37.240733299999995
127.08205749999999 37.2407422
127.0820578 37.240750899999995
127.0820581 37.2407598
127.0820581 37.2407689
127.0820581 37.2407782
127.0820584 37.2407877
127.08205889999999 37.2407965
127.08205989999999 37.2408062
127.0820607 37.240815999999995
127.0820612 37.2408254
127.0820617 37.240835
127.082062 37.240844599999996
127.0820624 37.2408542
127.0820629 37.240864099999996
127.0820631 37.2408741
127.08206329999999 37.2408845
127.08206329999999 37.2408948
127.0820634 37.240904799999996
127.0820639 37.2409148
127.0820643 37.2409245
127.0820646 37.2409339
127.0820653 37.2409436
127.08206609999999 37.240953
127.0820672 37.2409628
127.0820682 37.2409726
127.0820694 37.2409823
127.0820705 37.2409922
127.0820717 37.241002099999996
127.08207309999999 37.241012
127.0820736 37.2410219
127.08207399999999 37.241031899999996
127.0820744 37.2410418
127.0820749 37.2410515
127.0820758 37.2410612
127.08207669999999 37.241071
127.08207709999999 37.241081
127.0820775 37.241091
127.08207759999999 37.2411011
127.08207789999999 37.2411114
127.08207829999999 37.2411215
127.08207859999999 37.2411318
127.0820784 37.241141899999995
127.0820787 37.2411521
127.0820787 37.2411618
127.08207859999999 37.2411719
127.08207829999999 37.2411822
127.082078 37.2411925
127.08207809999999 37.2412025
127.0820789 37.241212399999995
127.0820803 37.241222199999996
127.0820815 37.2412322
127.08208239999999 37.241242
127.0820827 37.241251999999996
127.08208309999999 37.2412619
127.0820832 37.241271399999995
127.08208309999999 37.2412809
127.08208259999999 37.2412905
127.0820806 37.2412995
127.0820754 37.2413076
127.08206639999999 37.2413136
127.08205509999999 37.241316999999995
127.082043 37.241318299999996
127.0820298 37.241318199999995
127.0820172 37.2413169
127.0820055 37.2413151
127.0819954 37.2413126
127.08198689999999 37.241308499999995
127.08197919999999 37.2413029
127.0819717 37.241296999999996
127.08196389999999 37.241290899999996
127.08195579999999 37.241284799999995
127.0819475 37.241278799999996
127.08193949999999 37.2412724
127.08193179999999 37.241265999999996
127.08192369999999 37.24126
127.08191529999999 37.2412542
127.08190689999999 37.2412481
127.0818987 37.2412421
127.0818905 37.2412361
127.08188279999999 37.2412299
127.0818745 37.2412241
127.08186529999999 37.241220299999995
127.08185549999999 37.241217999999996
127.08184419999999 37.2412169
127.0818319 37.2412165
127.0818197 37.2412163
127.0818072 37.2412162
127.08179489999999 37.241216
127.0817823 37.241216
127.0817702 37.2412164
127.0817577 37.2412169
127.0817453 37.2412177
127.081733 37.2412181
127.08172099999999 37.241217999999996
127.08170899999999 37.2412177
127.08169699999999 37.2412177
127.08168479999999 37.2412181
127.08167279999999 37.2412182
127.08166089999999 37.2412184
127.0816492 37.2412189
127.0816378 37.2412194
127.08162619999999 37.2412196
127.0816146 37.241219799999996
127.081603 37.241220299999995
127.0815913 37.241220399999996
127.08158019999999 37.2412205
127.08156869999999 37.2412206
127.0815573 37.2412209
127.08154569999999 37.2412214
127.08153399999999 37.2412214
127.08152229999999 37.2412215
127.0815107 37.2412212
127.0814999 37.2412213
127.0814887 37.2412212
127.0814774 37.2412212
127.08146629999999 37.241221599999996
127.08145479999999 37.2412221
127.0814429 37.2412221
127.08143109999999 37.2412221
127.0814192 37.2412224
127.08140759999999 37.241223399999996
127.08139569999999 37.241224599999995
127.0813841 37.241226
127.0813726 37.2412266
127.08136119999999 37.241226999999995
127.08135 37.2412278
127.08133869999999 37.2412284
127.08132739999999 37.2412288
127.08131639999999 37.2412291
127.0813056 37.2412291
127.0812943 37.2412291
127.0812831 37.2412294
127.08127189999999 37.24123
127.0812605 37.2412302
127.0812491 37.2412306
127.081238 37.2412306
127.081227 37.2412308
127.0812158 37.241231299999995
127.08120459999999 37.2412315
127.0811938 37.2412317
127.0811832 37.2412317
127.08117259999999 37.241232
127.0811619 37.241232499999995
127.08115099999999 37.2412324
127.0811403 37.241232499999995
127.0811294 37.2412328
127.08111849999999 37.2412329
127.08110749999999 37.2412328
127.0810963 37.2412327
127.08108569999999 37.2412327
127.08107509999999 37.2412329
127.08106439999999 37.241233099999995
127.08105339999999 37.241233699999995
127.0810425 37.241234399999996
127.08103129999999 37.241234999999996
127.0810197 37.2412354
127.0810085 37.2412361
127.0809974 37.2412366
127.0809862 37.2412371
127.0809749 37.2412371
127.08096339999999 37.2412369
127.0809524 37.2412367
127.0809412 37.241236799999996
127.08093029999999 37.241237
127.0809194 37.241237
127.0809079 37.2412371
127.0808967 37.2412372
127.0808857 37.2412371
127.0808746 37.2412372
127.0808636 37.2412377
127.08085249999999 37.2412377
127.08084149999999 37.2412378
127.08082999999999 37.2412382
127.0808189 37.2412384
127.08080749999999 37.2412387
127.0807964 37.2412393
127.0807854 37.2412401
127.08077399999999 37.2412409
127.08076229999999 37.2412412
127.0807511 37.2412413
127.08073979999999 37.2412414
127.08072849999999 37.241241699999996
127.0807169 37.2412421
127.08070529999999 37.2412425
127.0806937 37.2412432
127.080682 37.2412439
127.0806702 37.2412442
127.0806585 37.2412442
127.080647 37.241244099999996
127.08063589999999 37.2412444
127.0806243 37.2412446
127.0806128 37.2412449
127.0806009 37.2412451
127.0805893 37.2412455
127.08057729999999 37.241245899999996
127.08056599999999 37.2412461
127.08055449999999 37.2412466
127.08054329999999 37.241247099999995
127.0805321 37.2412476
127.08052099999999 37.2412478
127.08050979999999 37.2412482
127.0804988 37.241248899999995
127.0804874 37.2412492
127.0804768 37.2412488
127.08046669999999 37.241247
127.08046069999999 37.2412419
127.08045899999999 37.241234899999995
127.0804581 37.241226499999996
127.0804572 37.241219
127.08045369999999 37.241213699999996
127.08044729999999 37.2412121
127.0804373 37.241211299999996
127.08042619999999 37.2412114
127.08041499999999 37.241211199999995
127.08040349999999 37.2412109
127.08039249999999 37.241211199999995
127.0803808 37.241210699999996
127.0803689 37.2412099
127.08035699999999 37.2412099
127.0803454 37.2412104
127.0803337 37.2412108
127.08032209999999 37.241210699999996
127.0803105 37.241210599999995
127.0802992 37.2412105
127.08028809999999 37.2412098
127.0802782 37.2412077
127.0802712 37.241202799999996
127.0802677 37.2411959
127.0802657 37.2411878
127.0802652 37.2411789
127.0802647 37.2411701
127.0802641 37.241161399999996
127.08026339999999 37.2411524
127.0802623 37.2411429
127.08026179999999 37.2411335
127.0802609 37.2411244
127.08025959999999 37.2411153
127.08025869999999 37.2411062
127.0802583 37.2410971
127.0802585 37.2410877
127.080259 37.241078699999996
127.080259 37.2410698
127.0802583 37.2410612
127.0802583 37.2410521
127.0802626 37.241043999999995
127.08027089999999 37.2410381
127.080281 37.2410348
127.0802923 37.2410333
127.08030369999999 37.241033
127.08031539999999 37.241033
127.08032709999999 37.2410327
127.08033879999999 37.2410327
127.0803504 37.241033099999996
127.0803622 37.2410335
127.0803741 37.241033699999996
127.08038599999999 37.2410332
127.0803979 37.2410329
127.08040969999999 37.2410328
127.08042169999999 37.2410328
127.0804338 37.2410328
127.0804457 37.2410326
127.0804575 37.2410323
127.0804692 37.2410321
127.08048099999999 37.2410315
127.0804924 37.241031299999996
127.0805034 37.2410309
127.0805137 37.2410299
127.08052289999999 37.241028
127.0805295 37.2410232
127.0805324 37.2410158
127.0805334 37.241007499999995
127.08053419999999 37.2409986
127.0805346 37.2409894
127.08053439999999 37.2409803
127.0805341 37.2409709
127.08053419999999 37.240961399999996
127.0805346 37.240952
127.0805348 37.2409427
127.08053419999999 37.2409333
127.0805333 37.2409238
127.0805331 37.2409142
127.0805331 37.2409045
127.0805326 37.2408948
127.08053229999999 37.240885299999995
127.0805321 37.2408758
127.08053179999999 37.2408662
127.08053149999999 37.2408564
127.08053109999999 37.2408466
127.08053109999999 37.2408374
127.0805314 37.240828199999996
127.08053149999999 37.2408192
127.0805312 37.240809899999995
127.0805312 37.2408005
127.0805307 37.2407912
127.0805302 37.2407816
127.0805298 37.240772
127.0805295 37.2407624
127.08053 37.240753
127.0805298 37.2407436
127.0805297 37.2407342
127.0805295 37.240725
127.08052889999999 37.2407162
127.0805288 37.2407076
127.0805298 37.2406994
127.08052959999999 37.2406906
127.0805295 37.2406815
127.0805292 37.2406724
127.080529 37.2406632
127.08052889999999 37.240653699999996
127.0805288 37.240643999999996
127.08052819999999 37.2406344
127.08052819999999 37.2406243
127.08052839999999 37.240614799999996
127.08052939999999 37.2406054
127.0805297 37.2405957
127.08052959999999 37.2405861
127.08052909999999 37.240576399999995
127.08052909999999 37.2405666
127.0805288 37.240556999999995
127.08052839999999 37.240547299999996
127.0805281 37.240537599999996
127.0805285 37.2405283
127.080529 37.240519
127.0805292 37.240509599999996
127.0805298 37.2405007
127.0805319 37.2404923
127.08053849999999 37.2404866
127.08054809999999 37.2404836
127.08055909999999 37.2404825
127.0805705 37.2404825
127.08058229999999 37.240482799999995
127.0805937 37.240482899999996
127.08060549999999 37.2404826
127.08061679999999 37.2404821
127.08062869999999 37.240482199999995
127.0806411 37.2404818
127.0806532 37.2404815
127.0806652 37.2404808
127.08067709999999 37.2404806
127.0806889 37.240480399999996
127.0807006 37.24048
127.0807126 37.2404794
127.08072419999999 37.240479
127.0807359 37.2404787
127.08074789999999 37.2404789
127.08075939999999 37.2404781
127.0807712 37.240477299999995
127.08078309999999 37.2404772
127.08079559999999 37.2404778
127.08080779999999 37.240477399999996
127.0808196 37.2404771
127.0808313 37.240476
127.08084319999999 37.240475599999996
127.0808555 37.240474999999996
127.08086709999999 37.2404739
127.08087909999999 37.2404735
127.08089109999999 37.240473099999996
127.0809031 37.2404739
127.0809151 37.240474899999995
127.0809268 37.2404752
127.0809386 37.2404753
127.08095019999999 37.2404752
127.080962 37.2404751
127.0809736 37.2404744
127.08098539999999 37.2404735
127.080997 37.2404727
127.08100879999999 37.2404722
127.0810207 37.2404711
127.08103229999999 37.2404705
127.0810441 37.2404706
127.08105599999999 37.2404702
127.08106799999999 37.2404697
127.08108039999999 37.2404702
127.08109239999999 37.2404705
127.08110429999999 37.2404709
127.081116 37.2404709
127.08112759999999 37.240471
127.0811394 37.2404711
127.08115169999999 37.2404712
127.08116389999999 37.240471299999996
127.0811761 37.2404716
127.0811885 37.2404712
127.0812002 37.2404706
127.0812126 37.2404704
127.08122499999999 37.240469999999995
127.0812376 37.2404697
127.08124989999999 37.2404696
127.0812622 37.2404696
127.08127379999999 37.2404697
127.0812856 37.2404697
127.0812974 37.2404696
127.0813093 37.240470099999996
127.0813213 37.2404702
127.0813335 37.2404706
127.08134559999999 37.2404722
127.0813572 37.2404732
127.0813692 37.2404748
127.08138109999999 37.2404757
127.08139369999999 37.2404771
127.0814056 37.2404778
127.0814178 37.2404778
127.08143 37.240477299999995
127.081442 37.2404771
127.0814539 37.240476799999996
127.08146649999999 37.2404763
127.0814788 37.2404759
127.081491 37.240476099999995
127.0815033 37.2404763
127.0815159 37.240476199999996
127.08152829999999 37.240476099999995
127.08154099999999 37.240476
127.08155409999999 37.2404758
127.0815672 37.240476199999996
127.08158039999999 37.2404764
127.08159289999999 37.240476199999996
127.081606 37.240476199999996
127.0816194 37.2404757
127.0816323 37.2404757
127.08164479999999 37.240475599999996
127.08165729999999 37.2404744
127.08167139999999 37.240473699999995
127.0816857 37.240473699999995
127.0816981 37.240474299999995
127.0817118 37.2404741
127.08172619999999 37.240473699999995
127.0817405 37.240474
127.08175489999999 37.240474
127.0817696 37.240473699999995
127.0817854 37.2404733
127.08180139999999 37.2404722
127.0818168 37.2404706
127.0818297 37.2404657
127.08184059999999 37.2404586
127.081851 37.2404508
127.08186119999999 37.2404418
127.0818728 37.240432399999996
127.08188469999999 37.2404229
127.0818968 37.240413499999995
127.08190889999999 37.2404036
127.0819203 37.2403939
127.08193179999999 37.2403846
127.08194289999999 37.2403756
127.08195239999999 37.2403671
127.0819616 37.240359
127.08197179999999 37.2403519
127.08198259999999 37.2403499
127.0819918 37.240355199999996
127.08199359999999 37.240365
127.0819889 37.240370999999996
127.08198789999999 37.2403712
127.081988 37.2403713
127.081988 37.2403714
127.0819882 37.2403713
127.08198859999999 37.240370999999996
127.0819889 37.2403707
127.0819891 37.2403705
127.0819892 37.2403702
127.0819892 37.240370299999995
127.081989 37.2403705
127.08198879999999 37.2403707
127.0819887 37.240370899999995
127.08198859999999 37.2403711
127.0819885 37.2403712
127.0819884 37.2403714
127.0819884 37.240371599999996
127.08198829999999 37.2403717
127.08198829999999 37.2403719
127.08198829999999 37.2403721
127.0819882 37.240372199999996
