127.0819985 37.2403675
127.0819982 37.2403675
127.081998 37.2403675
127.08199789999999 37.2403675
127.0819978 37.2403675
127.0819975 37.2403674
127.08199739999999 37.240367299999996
127.0819973 37.240367299999996
127.08199719999999 37.240367299999996
127.0819971 37.240367299999996
127.081997 37.240367299999996
127.081997 37.240367299999996
127.0819969 37.240367299999996
127.0819968 37.2403674
127.0819968 37.2403674
127.0819966 37.2403674
127.08199649999999 37.240367299999996
127.0819964 37.240367299999996
127.08199619999999 37.2403674
127.0819961 37.240367299999996
127.08199599999999 37.240367299999996
127.08199599999999 37.240367299999996
127.08199599999999 37.240367299999996
127.08199599999999 37.240367299999996
127.08199599999999 37.240367299999996
127.08199599999999 37.2403674
127.08199599999999 37.2403675
127.0819959 37.2403675
127.08199599999999 37.2403676
127.0819961 37.2403677
127.0819961 37.2403677
127.0819961 37.2403677
127.08199619999999 37.2403678
127.08199619999999 37.2403678
127.0819963 37.2403678
127.0819963 37.2403678
127.0819963 37.2403677
127.0819963 37.2403677
127.0819963 37.2403677
127.0819964 37.2403677
127.0819964 37.2403676
127.0819964 37.2403675
127.0819963 37.2403674
127.08199619999999 37.240367299999996
127.08199619999999 37.240367299999996
127.08199619999999 37.2403672
127.0819961 37.2403672
127.08199619999999 37.240367
127.0819983 37.240366699999996
127.0820018 37.2403644
127.08200679999999 37.240361
127.08201199999999 37.2403592
127.0820188 37.2403586
127.08202659999999 37.2403581
127.0820349 37.240358199999996
127.0820432 37.2403587
127.0820514 37.240361
127.08205729999999 37.240366
127.08206039999999 37.240373
127.0820617 37.2403809
127.082062 37.240389199999996
127.08206209999999 37.2403974
127.08206209999999 37.2404058
127.08206179999999 37.2404142
127.0820615 37.2404225
127.082061 37.2404307
127.08205989999999 37.2404387
127.0820595 37.2404467
127.0820586 37.240454899999996
127.08205749999999 37.240463
127.08205679999999 37.2404712
127.0820565 37.2404793
127.0820565 37.240487699999996
127.0820569 37.2404963
127.0820578 37.2405049
127.08205849999999 37.2405136
127.082059 37.2405221
127.08205969999999 37.2405306
127.0820608 37.2405392
127.08206109999999 37.2405481
127.08206129999999 37.2405566
127.0820615 37.2405651
127.0820619 37.2405738
127.0820619 37.2405824
127.08206229999999 37.2405909
127.08206249999999 37.2405995
127.08206279999999 37.2406084
127.0820631 37.240617199999996
127.0820638 37.240626299999995
127.08206399999999 37.240635399999995
127.08206419999999 37.2406442
127.0820644 37.240653
127.0820643 37.2406618
127.0820645 37.2406706
127.0820644 37.2406793
127.0820638 37.2406879
127.08206349999999 37.2406971
127.0820631 37.2407063
127.0820627 37.240715
127.0820631 37.2407243
127.0820639 37.240733399999996
127.0820643 37.240742399999995
127.0820641 37.2407515
127.08206419999999 37.240761
127.0820648 37.24077
127.0820648 37.2407792
127.0820653 37.2407885
127.08206609999999 37.240798
127.08206679999999 37.240807499999995
127.0820675 37.240817
127.08206799999999 37.240826299999995
127.0820686 37.2408354
127.08206919999999 37.2408445
127.0820703 37.240853699999995
127.0820708 37.240862899999996
127.08207119999999 37.2408721
127.0820711 37.240881
127.08207159999999 37.24089
127.0820718 37.240899
127.0820715 37.240908399999995
127.0820713 37.240917599999996
127.0820708 37.240927
127.0820708 37.2409365
127.08207119999999 37.2409459
127.08207189999999 37.2409549
127.08207279999999 37.2409641
127.0820737 37.2409731
127.08207449999999 37.240982599999995
127.08207499999999 37.2409921
127.08207519999999 37.2410016
127.0820756 37.241011
127.08207589999999 37.2410202
127.0820761 37.241029499999996
127.08207639999999 37.241039199999996
127.0820766 37.2410487
127.08207759999999 37.2410584
127.08207829999999 37.2410679
127.082079 37.2410774
127.08207999999999 37.2410867
127.0820808 37.241096399999996
127.0820816 37.241105999999995
127.082082 37.2411156
127.0820828 37.2411254
127.0820837 37.2411349
127.082084 37.241144399999996
127.08208429999999 37.2411539
127.08208409999999 37.241163
127.08208409999999 37.241172299999995
127.0820839 37.241181399999995
127.0820828 37.2411907
127.082082 37.2411998
127.0820828 37.2412091
127.0820844 37.2412184
127.08208529999999 37.2412281
127.0820856 37.2412373
127.08208669999999 37.2412464
127.0820875 37.2412555
127.08208809999999 37.2412645
127.08208839999999 37.241273299999996
127.0820888 37.2412822
127.0820894 37.241291
127.08208979999999 37.2412997
127.08208929999999 37.2413078
127.082087 37.2413157
127.08208169999999 37.241321899999996
127.08207309999999 37.2413245
127.0820624 37.2413252
127.0820509 37.2413246
127.0820389 37.2413234
127.08202759999999 37.2413226
127.0820158 37.241321299999996
127.0820052 37.2413175
127.0819961 37.2413118
127.08198789999999 37.241306099999996
127.08197969999999 37.241299999999995
127.08197159999999 37.2412937
127.081964 37.241287199999995
127.08195599999999 37.2412814
127.08194789999999 37.2412754
127.0819398 37.2412692
127.0819319 37.2412631
127.0819233 37.2412571
127.081915 37.241251
127.0819068 37.2412451
127.08189879999999 37.241239
127.08189109999999 37.241233
127.0818831 37.241227099999996
127.0818747 37.2412212
127.0818662 37.2412166
127.0818563 37.241214
127.08184539999999 37.2412133
127.08183419999999 37.241212999999995
127.0818231 37.2412129
127.0818118 37.241212999999995
127.0818005 37.2412134
127.0817891 37.2412136
127.08177769999999 37.2412139
127.08176619999999 37.2412138
127.08175539999999 37.241214
127.0817446 37.2412142
127.081734 37.2412147
127.0817237 37.241214899999996
127.081713 37.241214899999996
127.08170229999999 37.2412148
127.0816912 37.241214299999996
127.0816802 37.2412146
127.0816692 37.241215
127.08165819999999 37.2412152
127.08164719999999 37.2412154
127.0816366 37.2412156
127.0816261 37.2412156
127.08161519999999 37.2412154
127.08160439999999 37.2412154
127.08159359999999 37.2412152
127.08158259999999 37.241215
127.08157159999999 37.2412154
127.08156079999999 37.2412159
127.0815499 37.2412164
127.0815392 37.2412166
127.0815282 37.241217299999995
127.0815172 37.241217899999995
127.0815059 37.2412181
127.0814949 37.241218599999996
127.08148369999999 37.2412189
127.0814724 37.2412194
127.0814616 37.2412195
127.0814508 37.241219799999996
127.08144 37.2412199
127.08142939999999 37.241220299999995
127.081419 37.2412213
127.0814084 37.2412229
127.08139779999999 37.2412241
127.08138699999999 37.2412251
127.0813762 37.2412261
127.0813651 37.2412266
127.0813541 37.241227099999996
127.08134319999999 37.241227699999996
127.0813324 37.241228199999995
127.0813218 37.2412288
127.0813106 37.2412294
127.0812996 37.2412294
127.08128819999999 37.2412297
127.08127739999999 37.2412303
127.08126589999999 37.2412306
127.08125469999999 37.2412309
127.08124339999999 37.2412317
127.0812321 37.2412318
127.0812206 37.241231899999995
127.08121 37.2412329
127.081199 37.241233
127.0811877 37.2412333
127.0811761 37.2412339
127.08116439999999 37.2412342
127.08115289999999 37.241234
127.0811411 37.2412341
127.08112949999999 37.241234399999996
127.0811181 37.2412339
127.08110629999999 37.2412347
127.0810947 37.2412354
127.0810829 37.2412354
127.08107129999999 37.241235499999995
127.08105979999999 37.2412358
127.0810482 37.2412364
127.08103639999999 37.241237
127.0810248 37.2412375
127.081013 37.2412382
127.0810011 37.241238599999996
127.08098969999999 37.241239
127.08097839999999 37.241239199999995
127.080967 37.2412396
127.0809558 37.2412396
127.0809443 37.2412399
127.0809329 37.2412399
127.08092119999999 37.24124
127.0809098 37.241240499999996
127.0808984 37.2412407
127.0808869 37.2412403
127.0808756 37.2412403
127.0808637 37.2412407
127.0808519 37.2412406
127.0808402 37.241241099999996
127.0808282 37.241241699999996
127.0808168 37.2412419
127.0808052 37.241243
127.08079409999999 37.2412424
127.0807823 37.241242299999996
127.08077069999999 37.241242299999996
127.08075889999999 37.241242899999996
127.08074719999999 37.2412427
127.08073599999999 37.2412425
127.08072419999999 37.2412431
127.0807129 37.2412433
127.0807011 37.241243399999995
127.08068999999999 37.241242899999996
127.0806782 37.2412425
127.0806664 37.241242899999996
127.0806544 37.2412433
127.0806437 37.2412433
127.0806324 37.2412442
127.08062129999999 37.241245
127.0806097 37.2412449
127.08059859999999 37.2412439
127.0805872 37.241244699999996
127.08057559999999 37.2412446
127.08056479999999 37.2412446
127.08055279999999 37.2412455
127.0805415 37.2412455
127.08052959999999 37.2412457
127.0805192 37.2412455
127.0805079 37.2412458
127.08049679999999 37.2412463
127.08048559999999 37.2412475
127.0804747 37.241247699999995
127.0804656 37.241245299999996
127.08046259999999 37.2412381
127.08046159999999 37.2412296
127.0804611 37.2412208
127.08046019999999 37.241212399999995
127.080458 37.2412061
127.08045229999999 37.241203399999996
127.08044439999999 37.2412031
127.0804338 37.241203299999995
127.0804225 37.2412038
127.0804113 37.2412047
127.0803998 37.2412055
127.08038839999999 37.2412059
127.08037709999999 37.2412066
127.0803662 37.2412068
127.080355 37.2412072
127.0803437 37.2412079
127.0803327 37.2412086
127.0803215 37.2412093
127.080311 37.2412098
127.0802997 37.2412099
127.0802894 37.2412102
127.0802793 37.2412098
127.0802717 37.2412062
127.080269 37.241200299999996
127.0802677 37.2411931
127.08026779999999 37.2411849
127.0802674 37.2411765
127.0802671 37.241168
127.0802665 37.2411597
127.08026559999999 37.241151099999996
127.08026509999999 37.2411422
127.08026439999999 37.2411332
127.08026369999999 37.2411244
127.08026299999999 37.2411155
127.0802628 37.2411065
127.0802624 37.241097499999995
127.08026179999999 37.2410886
127.08026129999999 37.2410797
127.0802612 37.2410707
127.0802612 37.241062
127.0802611 37.2410533
127.0802607 37.241044699999996
127.08026029999999 37.241036
127.0802598 37.2410272
127.08025939999999 37.2410184
127.080259 37.2410093
127.08025819999999 37.2410005
127.08025769999999 37.2409913
127.08025719999999 37.2409825
127.08025669999999 37.2409732
127.0802562 37.2409646
127.08025599999999 37.2409557
127.08025599999999 37.240947
127.0802568 37.240938299999996
127.08025749999999 37.2409302
127.08026009999999 37.2409222
127.0802688 37.2409174
127.0802793 37.240916
127.0802908 37.2409161
127.0803024 37.2409161
127.08031439999999 37.2409156
127.08032569999999 37.2409149
127.0803373 37.2409141
127.080349 37.2409132
127.08036089999999 37.240912
127.0803722 37.240911499999996
127.0803818 37.240911499999996
127.08038789999999 37.2409112
127.0803955 37.2409116
127.0804053 37.2409116
127.0804143 37.240910899999996
127.08042289999999 37.2409105
127.08043029999999 37.2409101
127.08043599999999 37.2409102
127.0804398 37.2409101
127.0804417 37.2409099
127.08044179999999 37.2409101
127.0804421 37.240910299999996
127.08044199999999 37.240910299999996
127.0804453 37.2409107
127.0804532 37.240910899999996
127.08046429999999 37.240910899999996
127.0804764 37.2409107
127.0804883 37.2409102
127.0804998 37.2409095
127.0805106 37.240907299999996
127.0805197 37.2409031
127.0805266 37.2408962
127.08053109999999 37.2408875
127.080534 37.2408777
127.0805352 37.240867699999995
127.0805359 37.240857399999996
127.08053609999999 37.2408469
127.0805357 37.2408362
127.080535 37.2408256
127.0805343 37.2408153
127.0805333 37.2408049
127.08053319999999 37.2407951
127.0805324 37.2407855
127.08053179999999 37.2407755
127.0805314 37.2407653
127.08053109999999 37.2407549
127.08053079999999 37.2407446
127.08053029999999 37.2407342
127.0805293 37.240724
127.08052889999999 37.240713299999996
127.0805288 37.240702899999995
127.08052819999999 37.2406929
127.08052749999999 37.2406827
127.0805273 37.2406723
127.0805271 37.240662
127.0805266 37.2406515
127.0805262 37.240641
127.08052529999999 37.2406309
127.0805247 37.2406207
127.0805238 37.2406104
127.0805237 37.240600199999996
127.08052319999999 37.2405897
127.08052239999999 37.2405792
127.08052239999999 37.2405689
127.0805225 37.2405587
127.0805223 37.240549
127.08052339999999 37.240538799999996
127.0805259 37.2405293
127.08053009999999 37.2405207
127.0805374 37.2405134
127.080545 37.2405068
127.08055069999999 37.240499299999996
127.08055689999999 37.240490799999996
127.0805663 37.240484099999996
127.08057749999999 37.2404801
127.0805893 37.2404782
127.08060169999999 37.240476799999996
127.0806143 37.240476
127.0806272 37.240475499999995
127.0806404 37.240475499999995
127.08065309999999 37.2404752
127.0806654 37.2404748
127.08067849999999 37.240474999999996
127.08069119999999 37.2404753
127.08070409999999 37.240475499999995
127.0807171 37.2404752
127.08073069999999 37.2404754
127.08074409999999 37.240475499999995
127.0807569 37.240476199999996
127.0807701 37.240476199999996
127.0807837 37.2404763
127.0807969 37.2404764
127.08080969999999 37.2404772
127.08082259999999 37.2404775
127.08083549999999 37.240477399999996
127.0808484 37.2404775
127.0808613 37.2404769
127.08087429999999 37.2404769
127.0808876 37.240477299999995
127.0809008 37.240477899999995
127.0809144 37.2404785
127.0809274 37.240477399999996
127.08094089999999 37.240477299999995
127.0809541 37.240476699999995
127.08096769999999 37.2404764
127.08098129999999 37.2404765
127.0809946 37.2404766
127.08100839999999 37.2404769
127.0810217 37.240476199999996
127.081035 37.240475599999996
127.08104829999999 37.240476099999995
127.0810611 37.2404766
127.0810745 37.240476699999995
127.08108779999999 37.2404765
127.08110099999999 37.240476199999996
127.08111389999999 37.2404763
127.081127 37.240476099999995
127.08113999999999 37.2404754
127.08115319999999 37.2404746
127.08116609999999 37.2404752
127.0811794 37.240475499999995
127.0811921 37.2404746
127.08120539999999 37.2404746
127.08121829999999 37.2404753
127.0812311 37.2404758
127.08124439999999 37.240476799999996
127.0812577 37.240477399999996
127.08127089999999 37.2404788
127.08128389999999 37.240479799999996
127.08129729999999 37.2404803
127.0813103 37.240480399999996
127.08132309999999 37.240480999999996
127.0813355 37.2404811
127.0813481 37.2404813
127.0813604 37.2404814
127.08137289999999 37.2404812
127.0813853 37.240480999999996
127.0813972 37.240480999999996
127.0814092 37.2404812
127.0814219 37.2404815
127.08143469999999 37.2404814
127.0814473 37.2404814
127.0814601 37.2404809
127.08147269999999 37.2404801
127.08148589999999 37.240479
127.081499 37.2404787
127.0815123 37.2404787
127.08152489999999 37.240477999999996
127.0815382 37.2404775
127.0815514 37.240477
127.0815652 37.240476699999995
127.08157829999999 37.2404759
127.08159169999999 37.240474999999996
127.08160459999999 37.2404746
127.0816174 37.2404744
127.08162999999999 37.2404739
127.0816426 37.240473699999995
127.08165559999999 37.2404734
127.08166849999999 37.2404733
127.0816818 37.240472499999996
127.08169489999999 37.2404716
127.0817084 37.240470699999996
127.08172139999999 37.2404703
127.0817345 37.2404702
127.0817479 37.2404698
127.08176089999999 37.2404691
127.0817742 37.2404686
127.0817876 37.240468299999996
127.08180089999999 37.2404674
127.08181339999999 37.2404654
127.08182439999999 37.240460999999996
127.081835 37.240455499999996
127.08184539999999 37.240448799999996
127.08185499999999 37.2404414
127.081864 37.2404337
127.08187299999999 37.2404261
127.08188129999999 37.2404187
127.0818894 37.2404114
127.08189759999999 37.2404039
127.0819063 37.2403963
127.08191509999999 37.240388599999996
127.0819236 37.2403811
127.08193259999999 37.2403738
127.0819413 37.2403666
127.08194999999999 37.240358799999996
127.0819586 37.2403513
127.0819693 37.2403462
127.08198039999999 37.2403481
127.08198639999999 37.2403538
127.0819887 37.2403586
127.0819878 37.2403626
127.0819863 37.2403638
127.08198619999999 37.240363699999996
127.08198619999999 37.240363699999996
127.0819861 37.240363599999995
127.0819861 37.2403635
127.0819861 37.2403635
127.081986 37.2403634
127.081986 37.2403634
127.081986 37.2403633
127.081986 37.2403632
127.08198589999999 37.240363099999996
127.0819858 37.240362999999995
127.0819858 37.2403629
127.0819858 37.2403629
