127.0819904 37.2403647
127.08199019999999 37.240365
127.08198999999999 37.2403652
127.08198979999999 37.240365499999996
127.0819896 37.2403657
127.08198949999999 37.2403659
127.08198929999999 37.2403662
127.0819891 37.2403664
127.08198879999999 37.240366699999996
127.08198859999999 37.2403669
127.0819884 37.2403672
127.0819882 37.2403674
127.08198809999999 37.2403676
127.081988 37.240367899999995
127.0819878 37.2403681
127.0819877 37.2403683
127.08198759999999 37.2403686
127.0819875 37.2403687
127.08198739999999 37.240369
127.0819872 37.240369199999996
127.08198709999999 37.2403694
127.081987 37.2403696
127.0819868 37.240369799999996
127.08198669999999 37.24037
127.0819866 37.2403702
127.08198639999999 37.240370299999995
127.0819863 37.240370399999996
127.0819863 37.2403705
127.08198619999999 37.2403705
127.08198619999999 37.240370399999996
127.08198619999999 37.240370399999996
127.08198619999999 37.2403705
127.0819863 37.240370399999996
127.0819863 37.240370399999996
127.0819863 37.240370299999995
127.0819863 37.240370299999995
127.0819863 37.2403702
127.0819861 37.2403702
127.081986 37.2403701
127.0819858 37.24037
127.0819858 37.2403699
127.08198569999999 37.240369699999995
127.08198569999999 37.2403695
127.08198569999999 37.2403694
127.08198569999999 37.2403693
127.08198569999999 37.240369199999996
127.08198589999999 37.240369099999995
127.08198589999999 37.240369
127.0819861 37.240369
127.0819861 37.240369
127.0819863 37.240369
127.08198639999999 37.240369
127.0819866 37.2403689
127.08198669999999 37.2403688
127.0819868 37.2403688
127.08198689999999 37.2403687
127.08198709999999 37.2403686
127.0819872 37.2403686
127.0819873 37.240368499999995
127.08198739999999 37.240368499999995
127.08198759999999 37.2403684
127.0819877 37.2403683
127.0819889 37.240367899999995
127.081993 37.2403659
127.0819987 37.2403603
127.0820018 37.240355199999996
127.0820069 37.2403517
127.0820145 37.2403475
127.0820213 37.2403416
127.0820268 37.2403349
127.08203169999999 37.2403279
127.08203639999999 37.240319899999996
127.08204079999999 37.240311
127.0820454 37.240302
127.0820505 37.2402929
127.0820565 37.240283399999996
127.0820612 37.2402747
127.0820655 37.240265799999996
127.08206949999999 37.240257299999996
127.08207309999999 37.2402495
127.082079 37.2402418
127.082087 37.2402352
127.08209699999999 37.2402296
127.08210679999999 37.2402242
127.08211589999999 37.240218999999996
127.0821246 37.240212799999995
127.08213359999999 37.2402066
127.08214339999999 37.2402011
127.08215349999999 37.2401956
127.08216309999999 37.2401896
127.082172 37.2401833
127.0821807 37.2401763
127.0821895 37.2401694
127.08219919999999 37.2401629
127.08220929999999 37.240156
127.08221669999999 37.2401491
127.0822216 37.2401402
127.08222669999999 37.240131
127.0822336 37.240122899999996
127.0822408 37.2401155
127.08225019999999 37.2401079
127.08225979999999 37.2401011
127.0822699 37.240094899999995
127.08227889999999 37.2400893
127.0822896 37.2400842
127.0822999 37.2400793
127.08231049999999 37.2400753
127.0823214 37.2400705
127.0823326 37.240066399999996
127.08234429999999 37.240062699999996
127.08235579999999 37.2400592
127.08236769999999 37.2400553
127.08237899999999 37.2400525
127.08239069999999 37.2400491
127.08240169999999 37.2400464
127.0824129 37.240043299999996
127.0824243 37.2400421
127.08243619999999 37.2400398
127.082448 37.240037
127.0824585 37.2400352
127.0824705 37.2400337
127.0824815 37.240032899999996
127.08249269999999 37.240032299999996
127.0825047 37.240031099999996
127.08251589999999 37.2400302
127.08252739999999 37.2400296
127.08253769999999 37.2400285
127.0825497 37.2400279
127.08256279999999 37.2400271
127.0825763 37.2400272
127.082589 37.2400267
127.08260109999999 37.2400261
127.0826142 37.2400259
127.0826264 37.2400264
127.08263889999999 37.240026199999996
127.08265189999999 37.240026199999996
127.0826649 37.240026
127.08267819999999 37.240026199999996
127.08269349999999 37.2400257
127.08270549999999 37.240026
127.08271719999999 37.2400257
127.08273009999999 37.2400252
127.0827422 37.2400245
127.0827546 37.2400243
127.0827674 37.2400242
127.0827803 37.2400243
127.08279279999999 37.2400249
127.08280549999999 37.240025599999996
127.0828176 37.2400259
127.0828305 37.2400259
127.08284309999999 37.2400259
127.0828554 37.2400257
127.08286729999999 37.2400249
127.08287969999999 37.240023799999996
127.082892 37.240022499999995
127.0829041 37.2400204
127.0829163 37.2400175
127.0829277 37.240013499999996
127.0829392 37.2400093
127.08295109999999 37.2400053
127.0829627 37.240001
127.08297479999999 37.2399969
127.08298769999999 37.2399938
127.0829998 37.2399912
127.0830129 37.2399893
127.0830261 37.2399883
127.08303989999999 37.239987899999996
127.0830534 37.2399876
127.0830673 37.2399875
127.08308059999999 37.239987
127.0830939 37.2399864
127.0831078 37.2399864
127.08312129999999 37.2399862
127.0831348 37.239986
127.0831484 37.2399862
127.08316199999999 37.2399865
127.0831753 37.239986
127.0831881 37.2399856
127.08320119999999 37.2399851
127.08321509999999 37.2399829
127.08322829999999 37.2399823
127.083242 37.2399828
127.0832559 37.2399827
127.08326919999999 37.239983099999996
127.08328279999999 37.2399829
127.0832961 37.239982499999996
127.0833093 37.239982499999996
127.0833224 37.2399832
127.0833359 37.2399839
127.0833493 37.2399847
127.0833622 37.2399847
127.0833751 37.2399847
127.0833878 37.2399847
127.083401 37.2399845
127.08341379999999 37.2399844
127.0834271 37.2399847
127.08343939999999 37.239984199999995
127.08345229999999 37.2399835
127.08346479999999 37.239982399999995
127.0834775 37.2399817
127.08348989999999 37.2399817
127.08350259999999 37.2399814
127.0835158 37.2399811
127.08352889999999 37.239981
127.0835419 37.239981
127.08355449999999 37.2399811
127.08356649999999 37.2399819
127.0835771 37.239984799999995
127.08358299999999 37.2399908
127.0835843 37.2399979
127.0835845 37.2400014
127.08358469999999 37.2400018
127.08358489999999 37.2400024
127.0835851 37.2400029
127.0835853 37.2400033
127.08358539999999 37.2400035
127.0835858 37.2400041
127.08358609999999 37.2400047
127.08358639999999 37.2400053
127.0835867 37.2400059
127.083587 37.2400063
127.08358729999999 37.240006699999995
127.0835876 37.2400072
127.0835879 37.2400075
127.0835882 37.240007899999995
127.0835886 37.2400081
127.08358899999999 37.240007999999996
127.0835894 37.2400076
127.08358989999999 37.240007399999996
127.0835903 37.240007
127.0835906 37.2400069
127.08359109999999 37.240006699999995
127.0835913 37.2400065
127.08359159999999 37.2400064
