127.0767794338362 37.24633804479083 
127.07685720409496 37.24635471091852 
127.07682387005336 37.24648802821622 
127.07670443574027 37.24651302318519 
127.07673776208699 37.24665467404347 
127.07679331221628 37.246668562317616 
127.07695163142556 37.24666023278088 
127.07695718577781 37.246685229985324 
127.07709605243433 37.247029637028106 
127.07714326843133 37.247099074275624 
127.07727380888376 37.24721572976754 
127.07736824352051 37.24726017075453 
127.07759322164115 37.247312946444836 
127.07783764259852 37.247360167570726 
127.07797929439816 37.24743238396353 
127.0784431411451 37.24743516971643 
127.07844591758271 37.24747405415178 
127.0782014954593 37.24746849486756 
127.07784041724831 37.2474629334968 
127.07613501658257 37.24745457062567 
127.07595725508092 37.24744901253412 
127.07594613487278 37.24781008163047 
127.07612111884846 37.24781563967237 
127.07674050712234 37.24781565075056 
